1 0.04375 0.07109375 0.04375 0.03125
1 0.090625 0.06796875 0.03671875 0.02265625
1 0.1359375 0.071875 0.04921875 0.034375
1 0.18125 0.0703125 0.040625 0.0265625
1 0.2171875 0.0703125 0.03203125 0.0328125
1 0.2640625 0.071875 0.03515625 0.028125
1 0.31484375 0.07265625 0.03359375 0.03515625
1 0.55390625 0.059375 0.02421875 0.02265625
1 0.61171875 0.0578125 0.02421875 0.01875
1 0.67578125 0.0578125 0.02578125 0.01796875
1 0.73125 0.05703125 0.02265625 0.01328125
1 0.55 0.10078125 0.0328125 0.02421875
1 0.61015625 0.103125 0.025 0.0109375
1 0.6671875 0.0984375 0.02265625 0.01484375
1 0.72265625 0.10234375 0.0265625 0.0140625
1 0.7859375 0.0578125 0.0296875 0.02109375
1 0.77578125 0.1 0.02421875 0.0171875
1 0.8421875 0.059375 0.02734375 0.01328125
1 0.8328125 0.10078125 0.02578125 0.0203125
1 0.05703125 0.17734375 0.0375 0.0265625
1 0.10078125 0.1765625 0.03671875 0.028125
1 0.14609375 0.17734375 0.03828125 0.028125
1 0.1859375 0.18046875 0.0359375 0.0265625
1 0.22890625 0.18046875 0.0359375 0.0265625
1 0.27578125 0.1796875 0.0390625 0.025
1 0.31484375 0.18125 0.0296875 0.02421875
1 0.553125 0.17265625 0.025 0.01953125
1 0.609375 0.17109375 0.021875 0.02109375
1 0.66015625 0.178125 0.02109375 0.02421875
1 0.71875 0.1703125 0.0125 0.015625
1 0.55078125 0.21015625 0.02421875 0.01875
1 0.60390625 0.20859375 0.025 0.01875
1 0.65546875 0.21484375 0.02734375 0.02265625
1 0.715625 0.2109375 0.01875 0.015625
1 0.76796875 0.16796875 0.02265625 0.01328125
1 0.76328125 0.2078125 0.02109375 0.0203125
1 0.7515625 0.27578125 0.0234375 0.01796875
1 0.7015625 0.2796875 0.01953125 0.01171875
1 0.646875 0.2828125 0.03046875 0.01953125
1 0.59609375 0.278125 0.02578125 0.01640625
1 0.54921875 0.2796875 0.0234375 0.01171875
1 0.559375 0.35078125 0.0328125 0.0265625
1 0.6921875 0.3453125 0.04296875 0.01875
1 0.75390625 0.34375 0.02265625 0.0203125
1 0.8140625 0.34921875 0.03828125 0.02265625
1 0.80859375 0.38671875 0.03515625 0.0171875
1 0.803125 0.4265625 0.02578125 0.01796875
1 0.79453125 0.4640625 0.0296875 0.015625
1 0.7921875 0.5046875 0.028125 0.02265625
1 0.7875 0.54296875 0.02421875 0.0203125
1 0.784375 0.578125 0.03203125 0.01875
1 0.77890625 0.6109375 0.0265625 0.01875
1 0.746875 0.3859375 0.0265625 0.01328125
1 0.74296875 0.42890625 0.0265625 0.021875
1 0.73984375 0.4671875 0.02265625 0.0203125
1 0.7328125 0.50859375 0.02265625 0.0171875
1 0.7296875 0.5453125 0.021875 0.0171875
1 0.7296875 0.5828125 0.021875 0.02265625
1 0.7296875 0.6125 0.0203125 0.01875
1 0.68203125 0.3921875 0.034375 0.02578125
1 0.67890625 0.4359375 0.03515625 0.0296875
1 0.6796875 0.4734375 0.03359375 0.025
1 0.6734375 0.50703125 0.021875 0.01953125
1 0.6703125 0.54296875 0.0203125 0.01953125
1 0.67421875 0.5796875 0.02578125 0.02421875
1 0.6703125 0.6125 0.02421875 0.02109375
1 0.61953125 0.39296875 0.034375 0.021875
1 0.61875 0.43671875 0.03203125 0.02578125
1 0.6171875 0.47421875 0.034375 0.02578125
1 0.61484375 0.50390625 0.02578125 0.0171875
1 0.615625 0.54296875 0.02578125 0.01875
1 0.6140625 0.57734375 0.02421875 0.0171875
1 0.6140625 0.615625 0.03203125 0.02109375
1 0.55859375 0.39375 0.0359375 0.02109375
1 0.5578125 0.4328125 0.028125 0.0234375
1 0.5546875 0.4703125 0.028125 0.0171875
1 0.55546875 0.50703125 0.01953125 0.0171875
1 0.55234375 0.54453125 0.0203125 0.02265625
1 0.56015625 0.5765625 0.02421875 0.01875
1 0.5578125 0.61328125 0.02421875 0.01640625
1 0.19140625 0.59140625 0.03671875 0.02109375
1 0.14453125 0.590625 0.04609375 0.02890625
1 0.08125 0.5890625 0.04140625 0.02109375
1 0.028125 0.59296875 0.03984375 0.02734375
1 0.02109375 0.5 0.03828125 0.02734375
1 0.06484375 0.49765625 0.03828125 0.028125
1 0.11953125 0.496875 0.0375 0.0265625
1 0.178125 0.5 0.0375 0.02109375
1 0.16328125 0.39765625 0.04296875 0.03828125
1 0.109375 0.3953125 0.0359375 0.02578125
1 0.0421875 0.39609375 0.04921875 0.02578125
1 0.01640625 0.284375 0.0328125 0.03203125
1 0.084375 0.284375 0.03671875 0.03203125
1 0.140625 0.28671875 0.0390625 0.03984375