1 0.12578125 0.19296875 0.0390625 0.03359375
1 0.2296875 0.18046875 0.02421875 0.04296875
1 0.2703125 0.17734375 0.0234375 0.034375
1 0.32265625 0.17265625 0.0328125 0.03984375
1 0.375 0.1671875 0.03203125 0.0453125
1 0.428125 0.1609375 0.0421875 0.0390625
1 0.48828125 0.15625 0.04921875 0.04453125
1 0.540625 0.1515625 0.03671875 0.046875
1 0.6171875 0.1390625 0.04375 0.03984375
1 0.6625 0.1359375 0.021875 0.040625
1 0.76328125 0.12734375 0.06171875 0.05859375
1 0.84140625 0.1203125 0.059375 0.05390625
1 0.94921875 0.10546875 0.06796875 0.0609375
1 0.984375 0.33125 0.03125 0.05390625
1 0.90390625 0.33515625 0.06875 0.05234375
1 0.83203125 0.33203125 0.05703125 0.04296875
1 0.7546875 0.33125 0.05859375 0.0390625
1 0.6640625 0.33203125 0.0234375 0.0375
1 0.62421875 0.33125 0.04609375 0.0390625
1 0.56640625 0.33125 0.0484375 0.03125
1 0.51328125 0.33203125 0.04375 0.034375
1 0.46171875 0.33125 0.0375 0.03515625
1 0.41328125 0.32890625 0.034375 0.0296875
1 0.365625 0.32890625 0.03828125 0.03046875
1 0.3171875 0.32890625 0.01953125 0.03359375
1 0.2921875 0.32734375 0.0375 0.0328125
1 0.25234375 0.328125 0.03359375 0.03828125
1 0.1828125 0.32421875 0.0234375 0.0328125
1 0.0921875 0.32578125 0.01796875 0.0296875
1 0.071875 0.32265625 0.02265625 0.03046875
1 0.01796875 0.32109375 0.02421875 0.0265625
1 0.25859375 0.45390625 0.01875 0.0234375
1 0.31015625 0.45390625 0.0140625 0.0140625
1 0.3328125 0.46015625 0.01875 0.01796875
1 0.371875 0.46640625 0.028125 0.0171875
1 0.39921875 0.4640625 0.015625 0.01171875
1 0.4203125 0.4703125 0.01640625 0.01953125
1 0.45234375 0.46640625 0.01953125 0.01875
1 0.471875 0.4796875 0.02734375 0.02109375
1 0.5671875 0.48359375 0.01640625 0.0109375
1 0.5921875 0.49296875 0.03125 0.021875
1 0.625 0.49375 0.025 0.02421875
1 0.76640625 0.5078125 0.01640625 0.02734375
1 0.88984375 0.51953125 0.02890625 0.02578125
1 0.91484375 0.52421875 0.0265625 0.028125
1 0.984375 0.52890625 0.03125 0.0296875
1 0.9328125 0.64453125 0.03125 0.0234375
1 0.83359375 0.6296875 0.028125 0.01875
1 0.74453125 0.6109375 0.021875 0.01875
1 0.6703125 0.59921875 0.0234375 0.01640625
1 0.596875 0.5875 0.021875 0.01796875
1 0.6 0.63828125 0.02421875 0.0171875
1 0.67109375 0.6515625 0.025 0.025
1 0.7484375 0.6703125 0.02578125 0.02109375
1 0.8328125 0.6875 0.02421875 0.02109375
1 0.9390625 0.703125 0.0390625 0.0234375
1 0.51875 0.57421875 0.03359375 0.0203125
1 0.52265625 0.62421875 0.0296875 0.02578125
1 0.46328125 0.5625 0.0265625 0.02265625
1 0.46953125 0.609375 0.02578125 0.02265625
1 0.41171875 0.5515625 0.021875 0.0203125
1 0.41484375 0.5984375 0.01953125 0.0234375
1 0.36328125 0.5421875 0.02109375 0.021875
1 0.3609375 0.5859375 0.01953125 0.01875
1 0.3109375 0.53984375 0.028125 0.01953125
1 0.3171875 0.58359375 0.0265625 0.0234375
1 0.26640625 0.53125 0.02578125 0.02578125
1 0.27109375 0.57265625 0.02265625 0.02265625
1 0.22265625 0.52578125 0.0171875 0.0234375
1 0.23125 0.56484375 0.03046875 0.0234375
1 0.1875 0.5171875 0.0203125 0.021875
1 0.19140625 0.5578125 0.01953125 0.03359375
1 0.1453125 0.50390625 0.015625 0.01875
1 0.153125 0.54609375 0.01484375 0.0203125
1 0.121875 0.5109375 0.02421875 0.02265625
1 0.1203125 0.5375 0.01796875 0.0140625
1 0.08828125 0.5296875 0.015625 0.01328125
1 0.0859375 0.49609375 0.015625 0.01875
1 0.06015625 0.5234375 0.0203125 0.0171875
1 0.0453125 0.4890625 0.01171875 0.01015625
1 0.02265625 0.484375 0.0140625 0.0171875
1 0.0359375 0.5265625 0.01875 0.01875
1 0.00625 0.5234375 0.0125 0.021875
1 0.9015625 0.8 0.03203125 0.02578125
1 0.809375 0.77890625 0.03671875 0.02578125
1 0.80546875 0.83515625 0.0375 0.03125
1 0.80859375 0.90078125 0.0453125 0.03359375
1 0.796875 0.94921875 0.02421875 0.0296875
1 0.88515625 0.9703125 0.03828125 0.02265625
1 0.7265625 0.92265625 0.0375 0.03046875
1 0.7296875 0.875 0.034375 0.02734375
1 0.73125 0.8078125 0.03515625 0.02578125
1 0.7265625 0.7578125 0.02578125 0.025
1 0.65234375 0.73515625 0.03046875 0.01875
1 0.65703125 0.7875 0.03359375 0.025
1 0.64921875 0.8390625 0.028125 0.02109375
1 0.6515625 0.903125 0.0328125 0.03359375
1 0.58359375 0.71640625 0.03203125 0.02265625
1 0.58828125 0.76640625 0.02265625 0.02421875
1 0.5828125 0.81640625 0.0296875 0.03359375
1 0.5765625 0.8625 0.0234375 0.0265625
1 0.5171875 0.7 0.02265625 0.025
1 0.52734375 0.74921875 0.02578125 0.02265625
1 0.521875 0.79375 0.02421875 0.028125
1 0.51640625 0.83984375 0.03046875 0.01875
1 0.45703125 0.6859375 0.0296875 0.0296875
1 0.46640625 0.7265625 0.02421875 0.02109375
1 0.4625 0.77265625 0.025 0.02265625
1 0.46171875 0.82109375 0.028125 0.021875
1 0.4046875 0.67109375 0.02734375 0.021875
1 0.4140625 0.7125 0.0234375 0.02890625
1 0.409375 0.75546875 0.02109375 0.02421875
1 0.409375 0.803125 0.021875 0.02578125
1 0.35859375 0.65625 0.03203125 0.0109375
1 0.365625 0.69921875 0.01875 0.02265625
1 0.365625 0.7515625 0.0265625 0.0234375
1 0.36171875 0.784375 0.0234375 0.028125
1 0.30859375 0.64609375 0.02109375 0.0203125
1 0.3078125 0.6859375 0.02109375 0.01484375
1 0.31796875 0.7265625 0.02890625 0.01640625
1 0.3140625 0.76796875 0.02109375 0.01875
1 0.2734375 0.71328125 0.0234375 0.02265625
1 0.27421875 0.75234375 0.025 0.01640625
1 0.27109375 0.6734375 0.01953125 0.01484375
1 0.2609375 0.63515625 0.025 0.01953125
1 0.21796875 0.62890625 0.02890625 0.01796875
1 0.2234375 0.66484375 0.0234375 0.02109375
1 0.234375 0.7 0.02421875 0.01953125
1 0.234375 0.7390625 0.01796875 0.0140625