1 0.57578125 0.18515625 0.0359375 0.04453125
1 0.6109375 0.18828125 0.0171875 0.03515625
1 0.67734375 0.18828125 0.0296875 0.0328125
1 0.72421875 0.19140625 0.03125 0.0328125
1 0.77109375 0.19296875 0.03671875 0.028125
1 0.81015625 0.19609375 0.02734375 0.040625
1 0.85234375 0.19375 0.04296875 0.0296875
1 0.89921875 0.2 0.0296875 0.0359375
1 0.94140625 0.1953125 0.03203125 0.025
1 0.559375 0.44609375 0.06484375 0.04375
1 0.85390625 0.459375 0.0265625 0.02265625
1 0.8328125 0.45234375 0.01171875 0.0125
1 0.78671875 0.4453125 0.0140625 0.015625
1 0.85546875 0.4265625 0.009375 0.00859375
1 0.87890625 0.4265625 0.01015625 0.009375
1 0.5078125 0.6546875 0.028125 0.02578125
1 0.56015625 0.65234375 0.0296875 0.02578125
1 0.6140625 0.6515625 0.02578125 0.02265625
1 0.66484375 0.646875 0.0328125 0.01953125
1 0.715625 0.6453125 0.02109375 0.0203125
1 0.765625 0.63984375 0.02734375 0.0265625
1 0.7171875 0.60546875 0.03203125 0.01953125
1 0.5578125 0.68828125 0.0375 0.025
1 0.609375 0.684375 0.0296875 0.025
1 0.66328125 0.684375 0.03203125 0.0234375
1 0.71171875 0.6796875 0.0265625 0.02109375
1 0.76328125 0.678125 0.02890625 0.02421875
1 0.60859375 0.71484375 0.03203125 0.01640625
1 0.80546875 0.6140625 0.0296875 0.00859375
1 0.815625 0.63515625 0.01796875 0.01953125
1 0.81328125 0.66875 0.01953125 0.0171875
1 0.8640625 0.67265625 0.02265625 0.021875
1 0.809375 0.703125 0.0203125 0.0140625
1 0.8578125 0.7 0.01640625 0.01171875