1 0.28828125 0.23828125 0.0390625 0.03046875
1 0.18125 0.23828125 0.04453125 0.0296875
1 0.22890625 0.246875 0.04140625 0.03671875
1 0.05390625 0.24453125 0.02109375 0.028125
1 0.015625 0.24609375 0.03125 0.0296875
1 0.34140625 0.36953125 0.03671875 0.0328125
1 0.24609375 0.375 0.04140625 0.0328125
1 0.2953125 0.38125 0.04296875 0.03125
1 0.190625 0.37890625 0.03828125 0.02265625
1 0.13671875 0.375 0.03984375 0.028125
1 0.090625 0.3765625 0.03984375 0.028125
1 0.03828125 0.3796875 0.03984375 0.02890625