0 0.25625 0.234375 0.14375 0.0703125
0 0.421875 0.234375 0.1359375 0.0703125
0 0.084375 0.23984375 0.15234375 0.07265625
0 0.92265625 0.03046875 0.15 0.0609375
0 0.7578125 0.03515625 0.13984375 0.0609375
0 0.5921875 0.0375 0.13984375 0.0609375
0 0.9203125 0.39453125 0.14375 0.06328125
0 0.425 0.03984375 0.14609375 0.065625
0 0.75390625 0.39921875 0.14375 0.06328125
0 0.23984375 0.04296875 0.14375 0.06328125
0 0.24921875 0.425 0.15390625 0.07265625
0 0.071875 0.4265625 0.14375 0.0703125
0 0.58984375 0.4734375 0.14375 0.0703125
0 0.4203125 0.4859375 0.13984375 0.07734375
0 0.071875 0.04921875 0.14375 0.075
0 0.92421875 0.57578125 0.13984375 0.0703125
0 0.759375 0.5875 0.14609375 0.065625
0 0.5890625 0.5984375 0.14609375 0.07734375
0 0.42265625 0.60546875 0.15 0.06796875
0 0.2453125 0.61484375 0.15390625 0.07265625
0 0.07265625 0.61484375 0.1421875 0.08203125
0 0.9296875 0.7609375 0.13984375 0.065625
0 0.77265625 0.76953125 0.15390625 0.06328125
0 0.590625 0.77890625 0.15390625 0.06328125
0 0.41328125 0.79140625 0.14609375 0.0609375
0 0.22890625 0.7953125 0.14609375 0.07265625
0 0.06328125 0.8 0.12578125 0.06796875
0 0.61171875 0.9640625 0.14375 0.06796875
0 0.921875 0.20859375 0.13203125 0.075
0 0.7578125 0.21640625 0.14765625 0.06796875
0 0.590625 0.22734375 0.1421875 0.065625