1 0.97421875 0.42265625 0.015625 0.01640625
1 0.97265625 0.4453125 0.01328125 0.0140625
1 0.9703125 0.46640625 0.015625 0.0125
1 0.96953125 0.509375 0.015625 0.01328125
1 0.965625 0.5546875 0.01484375 0.01328125
1 0.965625 0.57734375 0.015625 0.0109375
1 0.965625 0.5984375 0.01640625 0.0109375
1 0.965625 0.6171875 0.0171875 0.0078125
1 0.96640625 0.6375 0.01171875 0.01328125
1 0.9640625 0.66015625 0.0109375 0.009375
1 0.96953125 0.68125 0.01328125 0.0125
1 0.99296875 0.484375 0.01328125 0.01640625
1 0.99140625 0.53046875 0.0171875 0.0171875
1 0.9953125 0.55390625 0.009375 0.01015625
1 0.99375 0.57578125 0.01171875 0.0140625
1 0.99296875 0.5984375 0.0140625 0.015625
1 0.99375 0.6171875 0.01171875 0.01171875
1 0.99453125 0.6421875 0.0109375 0.0125
1 0.9953125 0.6609375 0.009375 0.0125
1 0.9953125 0.6828125 0.00859375 0.01015625