1 0.01796875 0.11875 0.0359375 0.04375
1 0.0875 0.128125 0.0484375 0.04453125
1 0.16875 0.13671875 0.04609375 0.04296875
1 0.2421875 0.14765625 0.04609375 0.04140625
1 0.3171875 0.15703125 0.03671875 0.0390625
1 0.3828125 0.165625 0.02578125 0.03671875
1 0.42421875 0.17421875 0.04921875 0.03671875
1 0.48515625 0.1796875 0.04296875 0.03359375
1 0.540625 0.1859375 0.0328125 0.034375
1 0.603125 0.19140625 0.0296875 0.02890625
1 0.646875 0.20078125 0.02890625 0.03359375
1 0.69453125 0.20703125 0.02890625 0.03515625
1 0.77578125 0.21953125 0.02734375 0.03046875
1 0.01015625 0.32421875 0.0203125 0.03671875
1 0.07578125 0.32734375 0.0359375 0.03984375
1 0.1296875 0.33046875 0.0453125 0.034375
1 0.178125 0.3375 0.03671875 0.0359375
1 0.25390625 0.3359375 0.03671875 0.03125
1 0.309375 0.33671875 0.03828125 0.03046875
1 0.3828125 0.33671875 0.0359375 0.0328125
1 0.434375 0.3390625 0.04375 0.034375
1 0.4921875 0.34140625 0.0328125 0.02578125
1 0.53828125 0.3453125 0.02265625 0.034375
1 0.6609375 0.35078125 0.028125 0.02890625
1 0.69765625 0.353125 0.0375 0.0296875
1 0.73984375 0.35390625 0.02578125 0.02734375
1 0.03515625 0.50078125 0.0265625 0.040625
1 0.084375 0.5 0.053125 0.0328125
1 0.1484375 0.4984375 0.05078125 0.03125
1 0.21484375 0.49609375 0.03671875 0.034375
1 0.259375 0.4921875 0.04296875 0.0265625
1 0.321875 0.4890625 0.03125 0.03203125
1 0.38359375 0.49140625 0.03671875 0.02890625
1 0.434375 0.48671875 0.0359375 0.03046875
1 0.490625 0.4859375 0.03515625 0.0296875
1 0.534375 0.484375 0.03046875 0.0328125
1 0.5796875 0.48671875 0.03125 0.03515625
1 0.6140625 0.4671875 0.0203125 0.01953125
1 0.63984375 0.4671875 0.02109375 0.01640625
1 0.66953125 0.4671875 0.01640625 0.015625
1 0.68515625 0.465625 0.01328125 0.01484375
1 0.7078125 0.46640625 0.00859375 0.0171875
1 0.73203125 0.46484375 0.01484375 0.01640625
1 0.75390625 0.46328125 0.02109375 0.01640625
1 0.88046875 0.4375 0.01640625 0.01328125
1 0.89921875 0.4375 0.0109375 0.01171875
1 0.91328125 0.43671875 0.0125 0.01484375
1 0.928125 0.43671875 0.01328125 0.01328125
1 0.9453125 0.4328125 0.0078125 0.00625
1 0.96015625 0.43203125 0.0078125 0.0078125
1 0.8796875 0.4671875 0.01484375 0.015625
1 0.8953125 0.46796875 0.01328125 0.01484375
1 0.9109375 0.4671875 0.01328125 0.0171875
1 0.92734375 0.465625 0.01171875 0.01171875
1 0.93984375 0.4625 0.01015625 0.00625
1 0.878125 0.49921875 0.01328125 0.01484375
1 0.89375 0.49765625 0.0140625 0.01484375
1 0.91015625 0.496875 0.01328125 0.01484375
1 0.92421875 0.4953125 0.01328125 0.015625
1 0.9421875 0.49140625 0.00625 0.0078125
1 0.9546875 0.49140625 0.01484375 0.00703125
1 0.97578125 0.43671875 0.009375 0.0125
1 0.9890625 0.43671875 0.009375 0.0140625
1 0.96953125 0.4671875 0.01328125 0.01484375
1 0.98828125 0.46640625 0.015625 0.01171875
1 0.971875 0.49375 0.009375 0.01328125
1 0.98671875 0.49296875 0.009375 0.01171875