1 0.5796875 0.31875 0.02734375 0.02421875
1 0.62578125 0.3171875 0.021875 0.02265625
1 0.66171875 0.31953125 0.03671875 0.01875
1 0.71015625 0.31875 0.028125 0.01953125
1 0.26015625 0.31640625 0.02109375 0.01328125
1 0.2828125 0.3171875 0.0203125 0.01328125
1 0.22109375 0.321875 0.02578125 0.01796875
1 0.18984375 0.3203125 0.02578125 0.01875
1 0.14609375 0.31953125 0.02578125 0.015625
1 0.1421875 0.2796875 0.021875 0.01796875
1 0.165625 0.2796875 0.02265625 0.01796875
1 0.11796875 0.2765625 0.02265625 0.0171875
1 0.084375 0.27578125 0.02421875 0.015625
1 0.01640625 0.2734375 0.01953125 0.0171875
1 0.03515625 0.31640625 0.02265625 0.01640625
1 0.0640625 0.31796875 0.02890625 0.01953125
1 0.10625 0.31953125 0.01640625 0.0234375
1 0.2234375 0.3625 0.02578125 0.02109375
1 0.18828125 0.3625 0.02421875 0.01875