1 0.6875 0.45703125 0.02890625 0.0375
1 0.7171875 0.4546875 0.02421875 0.0359375
1 0.74453125 0.453125 0.02578125 0.03984375
1 0.77890625 0.45 0.02265625 0.03125
1 0.8109375 0.45234375 0.02734375 0.03828125
1 0.84375 0.44765625 0.01875 0.03671875
1 0.8703125 0.4484375 0.02265625 0.03515625
1 0.90390625 0.4453125 0.01796875 0.03359375
1 0.93515625 0.44375 0.021875 0.03125
1 0.96484375 0.44453125 0.015625 0.0421875
1 0.99140625 0.4390625 0.0171875 0.0296875
1 0.79921875 0.73984375 0.01953125 0.0234375
1 0.79921875 0.78046875 0.015625 0.0265625
1 0.8359375 0.7375 0.02109375 0.0234375
1 0.8765625 0.734375 0.02265625 0.03359375
1 0.87265625 0.7796875 0.01875 0.0265625
1 0.8359375 0.7796875 0.01640625 0.0203125
1 0.9125 0.771875 0.0171875 0.01875