1 0.5390625 0.1703125 0.03828125 0.03671875
1 0.58828125 0.17109375 0.03984375 0.03046875
1 0.63984375 0.16640625 0.04921875 0.04140625
1 0.87734375 0.159375 0.04765625 0.03515625
1 0.74296875 0.303125 0.021875 0.0203125
1 0.7015625 0.30078125 0.01875 0.0171875
1 0.265625 0.31796875 0.02109375 0.028125
1 0.29609375 0.31875 0.0328125 0.02421875
1 0.82421875 0.45546875 0.02109375 0.01796875
1 0.875 0.45703125 0.01171875 0.01328125
1 0.86484375 0.52578125 0.01484375 0.01484375
1 0.81015625 0.52109375 0.02421875 0.0140625
1 0.6828125 0.478125 0.028125 0.01796875
1 0.609375 0.47578125 0.021875 0.01953125
1 0.64609375 0.5125 0.02109375 0.0203125
1 0.68984375 0.51640625 0.0171875 0.01796875
1 0.72890625 0.51484375 0.0109375 0.01328125
1 0.45546875 0.50390625 0.03046875 0.02109375
1 0.63359375 0.6296875 0.03125 0.02578125
1 0.6296875 0.67109375 0.03515625 0.02421875
1 0.62421875 0.7078125 0.02265625 0.02265625
1 0.6234375 0.74765625 0.03046875 0.0234375
1 0.6890625 0.67734375 0.0328125 0.02265625
1 0.68984375 0.721875 0.0328125 0.02578125
1 0.68828125 0.76328125 0.034375 0.02734375
1 0.7546875 0.6828125 0.0296875 0.03203125
1 0.75234375 0.7296875 0.0328125 0.02578125
1 0.75390625 0.76953125 0.03671875 0.02890625
1 0.825 0.69140625 0.03671875 0.02890625
1 0.821875 0.73515625 0.0328125 0.03046875
1 0.8203125 0.778125 0.03828125 0.03046875
1 0.56953125 0.665625 0.0375 0.0296875
1 0.5625 0.70859375 0.028125 0.02421875
1 0.5609375 0.74921875 0.03125 0.021875
1 0.5046875 0.6578125 0.0296875 0.0234375
1 0.5046875 0.70078125 0.028125 0.0203125
1 0.503125 0.74296875 0.02734375 0.0203125