1 0.17734375 0.1015625 0.05 0.06015625
1 0.25234375 0.10625 0.04140625 0.04609375
1 0.29765625 0.1046875 0.03203125 0.05859375
1 0.34609375 0.109375 0.0328125 0.05234375
1 0.39375 0.109375 0.0296875 0.0578125
1 0.42890625 0.11015625 0.03515625 0.04296875
1 0.4734375 0.11484375 0.0328125 0.0546875
1 0.51640625 0.109375 0.02578125 0.03828125
1 0.55390625 0.1140625 0.02421875 0.046875
1 0.59609375 0.115625 0.025 0.05078125
1 0.62890625 0.11171875 0.025 0.04765625
1 0.26484375 0.4984375 0.03828125 0.0296875
1 0.27421875 0.5734375 0.0265625 0.0375
1 0.21953125 0.6453125 0.03671875 0.03984375
1 0.2765625 0.63515625 0.03125 0.025
1 0.22109375 0.7109375 0.0296875 0.04609375
1 0.22578125 0.77421875 0.02265625 0.03203125
1 0.2765625 0.696875 0.02734375 0.03203125
1 0.28125 0.75390625 0.03203125 0.0296875
1 0.32890625 0.56484375 0.03984375 0.03203125
1 0.32734375 0.62265625 0.0328125 0.034375
1 0.33359375 0.6890625 0.025 0.04140625
1 0.33359375 0.74609375 0.01875 0.04296875