1 0.16015625 0.4125 0.0484375 0.0375
1 0.31796875 0.41328125 0.040625 0.0296875
1 0.43671875 0.41484375 0.04375 0.03203125
1 0.56328125 0.4171875 0.03125 0.02890625
1 0.56328125 0.48046875 0.02890625 0.03515625
1 0.44453125 0.48515625 0.0359375 0.0328125
1 0.31953125 0.48359375 0.04140625 0.03671875
1 0.1765625 0.48984375 0.0515625 0.0375
1 0.665625 0.41484375 0.03828125 0.03203125
1 0.7640625 0.41640625 0.025 0.02265625
1 0.671875 0.475 0.0328125 0.02421875
1 0.75390625 0.4734375 0.025 0.02890625