1 0.50546875 0.32890625 0.0296875 0.06640625
1 0.7015625 0.334375 0.028125 0.03828125
1 0.74609375 0.3359375 0.0296875 0.0453125
1 0.7734375 0.3390625 0.02734375 0.03984375
1 0.821875 0.3375 0.01953125 0.04375
1 0.7125 0.12421875 0.02265625 0.03984375
1 0.85859375 0.471875 0.02421875 0.03359375
1 0.89296875 0.46875 0.021875 0.0171875
1 0.928125 0.475 0.02578125 0.02265625
1 0.9296875 0.525 0.01484375 0.03046875
1 0.91875 0.5859375 0.02109375 0.03359375
1 0.8921875 0.52734375 0.0171875 0.02734375
1 0.85234375 0.5328125 0.0171875 0.0296875
1 0.84765625 0.584375 0.01796875 0.02109375
1 0.884375 0.58203125 0.0140625 0.0265625
1 0.875 0.66015625 0.01953125 0.02890625
1 0.9140625 0.65546875 0.01640625 0.025
1 0.79765625 0.734375 0.02265625 0.028125
1 0.828125 0.72578125 0.021875 0.02421875
1 0.86484375 0.721875 0.01953125 0.02578125
1 0.903125 0.715625 0.01484375 0.0265625
1 0.89453125 0.7671875 0.01484375 0.03515625
1 0.85859375 0.76796875 0.02109375 0.02890625
1 0.8234375 0.778125 0.01953125 0.02265625
1 0.7875 0.78515625 0.021875 0.0265625