0 0.603125 0.23125 0.0359375 0.13828125
0 0.56484375 0.23671875 0.040625 0.1265625
0 0.521875 0.2359375 0.040625 0.13359375
0 0.48125 0.23125 0.04296875 0.12890625
0 0.44296875 0.23203125 0.0359375 0.125
0 0.40546875 0.23125 0.03984375 0.1265625
0 0.3609375 0.2359375 0.04296875 0.13203125
0 0.3234375 0.234375 0.03203125 0.128125
0 0.28203125 0.234375 0.03984375 0.121875
0 0.24140625 0.2359375 0.034375 0.125
0 0.19765625 0.23359375 0.03515625 0.1296875
0 0.15703125 0.23359375 0.04453125 0.12109375
0 0.1140625 0.234375 0.03671875 0.12109375
0 0.07890625 0.23671875 0.04140625 0.13125
0 0.62734375 0.76640625 0.05 0.1609375
0 0.6765625 0.765625 0.0453125 0.15546875
0 0.7265625 0.76328125 0.04921875 0.15625
0 0.7765625 0.76640625 0.0453125 0.159375
0 0.82265625 0.76328125 0.04296875 0.15703125
0 0.86640625 0.76484375 0.0515625 0.16953125
0 0.91875 0.76875 0.05078125 0.16796875
0 0.57578125 0.76640625 0.04296875 0.15703125
0 0.53125 0.76328125 0.046875 0.14609375
0 0.31953125 0.63671875 0.08515625 0.18984375
0 0.271875 0.55625 0.04375 0.109375
0 0.49453125 0.57421875 0.03359375 0.15
0 0.5390625 0.5765625 0.03984375 0.14609375
0 0.58125 0.578125 0.03671875 0.15625
0 0.628125 0.575 0.03359375 0.140625
0 0.67109375 0.58125 0.03984375 0.15
0 0.71328125 0.58203125 0.03515625 0.1515625
0 0.75390625 0.57890625 0.04296875 0.1515625
0 0.8015625 0.57734375 0.04375 0.14453125
0 0.846875 0.58046875 0.04296875 0.146875
0 0.8921875 0.58203125 0.04140625 0.15078125
0 0.928125 0.5859375 0.03125 0.146875
0 0.096875 0.5828125 0.0453125 0.1515625
0 0.14296875 0.5859375 0.0390625 0.15703125
0 0.1921875 0.58046875 0.0484375 0.15
0 0.14296875 0.76640625 0.03828125 0.1484375
0 0.1875 0.76796875 0.046875 0.15078125
0 0.23359375 0.77109375 0.03984375 0.140625
0 0.1 0.76328125 0.04140625 0.14921875
0 0.48046875 0.4 0.03828125 0.13984375
0 0.525 0.4015625 0.040625 0.13828125
0 0.56796875 0.40078125 0.03125 0.128125
0 0.6046875 0.40390625 0.034375 0.12109375
0 0.27890625 0.39140625 0.03671875 0.13203125
0 0.24140625 0.4 0.034375 0.13125
0 0.20703125 0.39765625 0.04453125 0.128125
0 0.165625 0.39921875 0.0453125 0.13359375