1 0.2734375 0.31796875 0.03046875 0.021875
1 0.31640625 0.3203125 0.03125 0.028125
1 0.35859375 0.3203125 0.02734375 0.02109375
1 0.4046875 0.32265625 0.0359375 0.02578125
1 0.45 0.3203125 0.021875 0.02578125
1 0.48515625 0.31953125 0.03125 0.02578125
1 0.5234375 0.32421875 0.034375 0.01796875
1 0.5609375 0.32265625 0.03125 0.01953125
1 0.30234375 0.42890625 0.0328125 0.021875
1 0.3421875 0.43046875 0.028125 0.02265625
1 0.3859375 0.428125 0.03125 0.025
1 0.421875 0.4296875 0.0328125 0.02265625
1 0.46328125 0.428125 0.03515625 0.01796875
1 0.51015625 0.4234375 0.03203125 0.02578125
1 0.56171875 0.425 0.02734375 0.021875
1 0.596875 0.42421875 0.02734375 0.02421875
1 0.60625 0.52421875 0.0203125 0.025
1 0.571875 0.52578125 0.02734375 0.02265625
1 0.534375 0.52734375 0.028125 0.0203125
1 0.49609375 0.52890625 0.03359375 0.025
1 0.45703125 0.53046875 0.0296875 0.02265625
1 0.42109375 0.53046875 0.0265625 0.01640625
1 0.3765625 0.5328125 0.03125 0.025
1 0.3328125 0.53515625 0.028125 0.021875
1 0.30625 0.6328125 0.0265625 0.01640625
1 0.3578125 0.62578125 0.0328125 0.02109375
1 0.40859375 0.6234375 0.03046875 0.01796875
1 0.45859375 0.62421875 0.0265625 0.015625
1 0.50546875 0.61953125 0.03828125 0.0171875
1 0.5546875 0.615625 0.02421875 0.0125
1 0.59921875 0.60625 0.0125 0.0125
1 0.30546875 0.66640625 0.028125 0.0203125
1 0.30234375 0.7 0.02109375 0.01484375
1 0.30390625 0.73359375 0.025 0.01796875
1 0.359375 0.6609375 0.0265625 0.01875
1 0.35703125 0.69375 0.021875 0.025
1 0.3546875 0.72734375 0.028125 0.0171875
1 0.40859375 0.6546875 0.0296875 0.02421875
1 0.409375 0.68984375 0.02421875 0.02109375
1 0.4078125 0.72421875 0.028125 0.01796875
1 0.45859375 0.65234375 0.02421875 0.02421875
1 0.51015625 0.65 0.03515625 0.01640625
1 0.4578125 0.68984375 0.02734375 0.02109375
1 0.51015625 0.68046875 0.02734375 0.025
1 0.45625 0.71953125 0.025 0.01953125
1 0.50703125 0.7140625 0.025 0.02890625
1 0.5578125 0.6421875 0.01796875 0.01171875
1 0.55390625 0.67421875 0.0203125 0.015625
1 0.55703125 0.71328125 0.0203125 0.01875
1 0.60234375 0.63984375 0.0203125 0.01328125
1 0.6 0.67109375 0.0171875 0.01484375
1 0.5984375 0.7015625 0.01640625 0.015625