1 0.0453125 0.3015625 0.04375 0.034375
1 0.090625 0.3015625 0.03984375 0.03125
1 0.1328125 0.30078125 0.03359375 0.02734375
1 0.27265625 0.30078125 0.04140625 0.0328125
1 0.30234375 0.2984375 0.0328125 0.034375
1 0.38359375 0.2953125 0.03125 0.0390625
1 0.41171875 0.29140625 0.02890625 0.0375
1 0.46640625 0.290625 0.02109375 0.03828125
1 0.54921875 0.28671875 0.0484375 0.0390625
1 0.29765625 0.1390625 0.0375 0.0328125
1 0.29453125 0.0890625 0.0375 0.04140625
1 0.2296875 0.03671875 0.0265625 0.02265625
1 0.22890625 0.078125 0.021875 0.01953125
1 0.234375 0.12890625 0.01953125 0.0171875
1 0.47265625 0.05546875 0.03515625 0.02421875
1 0.46953125 0.1015625 0.0234375 0.021875
1 0.5453125 0.10546875 0.034375 0.0296875
1 0.53984375 0.03359375 0.0328125 0.0265625
1 0.60859375 0.0484375 0.0265625 0.04453125
1 0.071875 0.4234375 0.01875 0.01953125
1 0.1484375 0.440625 0.03515625 0.0296875
1 0.22890625 0.44765625 0.04140625 0.0296875
1 0.275 0.4484375 0.03984375 0.0296875
1 0.37578125 0.47421875 0.0171875 0.025
1 0.403125 0.471875 0.02109375 0.021875
1 0.42421875 0.475 0.0171875 0.0234375
1 0.44609375 0.471875 0.01015625 0.0109375
1 0.52109375 0.47578125 0.0140625 0.0109375
1 0.55625 0.48203125 0.0265625 0.02421875
1 0.60078125 0.48359375 0.0171875 0.02265625
1 0.68046875 0.484375 0.015625 0.00859375
1 0.7046875 0.484375 0.0109375 0.00859375
1 0.75390625 0.4953125 0.0265625 0.0265625
1 0.790625 0.4953125 0.0296875 0.025
1 0.8453125 0.496875 0.02890625 0.0234375
1 0.89140625 0.5 0.03671875 0.0265625
1 0.95078125 0.5015625 0.01875 0.0234375
1 0.9890625 0.50234375 0.02109375 0.02578125
1 0.59375 0.53828125 0.015625 0.0109375
1 0.678125 0.54609375 0.01796875 0.0125
1 0.76953125 0.55390625 0.0203125 0.01484375
1 0.9828125 0.57109375 0.01953125 0.01484375
1 0.91875 0.62578125 0.03046875 0.01953125
1 0.828125 0.6125 0.03125 0.02265625
1 0.73671875 0.60703125 0.028125 0.01875
1 0.5890625 0.59765625 0.040625 0.0265625
1 0.5140625 0.58359375 0.03125 0.025
1 0.4515625 0.5734375 0.0234375 0.01875
1 0.38828125 0.56796875 0.025 0.01953125
1 0.33359375 0.5734375 0.03359375 0.0234375
1 0.27265625 0.5578125 0.02265625 0.01796875
1 0.22109375 0.55078125 0.0234375 0.015625
1 0.92421875 0.67265625 0.03046875 0.02421875
1 0.83203125 0.6640625 0.03203125 0.01875
1 0.7515625 0.6515625 0.03671875 0.01953125
1 0.67109375 0.64296875 0.03828125 0.01953125
1 0.590625 0.63203125 0.0359375 0.02265625
1 0.5234375 0.62734375 0.03515625 0.02265625
1 0.46484375 0.6265625 0.0390625 0.0265625
1 0.40625 0.61953125 0.03671875 0.02421875
1 0.3484375 0.6046875 0.028125 0.0171875
1 0.29375 0.60546875 0.0296875 0.02578125
1 0.24453125 0.59921875 0.0265625 0.02265625
1 0.18828125 0.58359375 0.02734375 0.0171875
1 0.1421875 0.578125 0.0296875 0.01796875
1 0.1 0.57109375 0.02421875 0.01796875
1 0.08125 0.53515625 0.021875 0.01953125
1 0.1203125 0.540625 0.02890625 0.01796875
1 0.18671875 0.53984375 0.03359375 0.034375
1 0.15078125 0.64921875 0.02578125 0.021875
1 0.1140625 0.68125 0.02734375 0.02265625
1 0.15546875 0.67890625 0.0234375 0.01484375
1 0.2 0.68984375 0.028125 0.0171875
1 0.10625 0.7125 0.01953125 0.021875
1 0.15234375 0.71953125 0.02109375 0.01640625
1 0.19609375 0.7296875 0.02265625 0.0171875
1 0.10859375 0.75078125 0.02890625 0.021875
1 0.15546875 0.75859375 0.01796875 0.01953125
1 0.1984375 0.765625 0.0234375 0.02421875
1 0.1171875 0.78984375 0.02734375 0.0203125
1 0.16015625 0.79921875 0.02109375 0.0125
1 0.20546875 0.80859375 0.01875 0.0171875
1 0.29375 0.6765625 0.02265625 0.015625
1 0.278125 0.740625 0.02265625 0.0125
1 0.2953125 0.8140625 0.02265625 0.01953125
1 0.240625 0.7125 0.01875 0.015625
1 0.2265625 0.775 0.01484375 0.01484375
1 0.24296875 0.84609375 0.01953125 0.01484375
1 0.40625 0.69296875 0.02421875 0.0140625
1 0.3453125 0.7328125 0.02421875 0.01640625
1 0.5046875 0.71328125 0.028125 0.02265625
1 0.43984375 0.75 0.0203125 0.021875
1 0.4078125 0.7671875 0.021875 0.0171875
1 0.34765625 0.80078125 0.01640625 0.0171875
1 0.5 0.790625 0.02109375 0.01484375
1 0.4375 0.82578125 0.01953125 0.01875
1 0.49609375 0.86640625 0.01875 0.02109375
1 0.4359375 0.89765625 0.0171875 0.0203125
1 0.4046875 0.8390625 0.01875 0.0234375
1 0.3484375 0.86953125 0.0140625 0.0171875
1 0.64765625 0.73828125 0.028125 0.021875
1 0.56953125 0.775 0.02265625 0.01953125
1 0.6546875 0.81953125 0.028125 0.0234375
1 0.575 0.853125 0.0265625 0.01875
1 0.68125 0.90390625 0.0296875 0.01875
1 0.60234375 0.9359375 0.021875 0.02109375
1 0.7515625 0.74453125 0.02890625 0.0234375
1 0.83359375 0.76015625 0.03359375 0.0234375
1 0.74453125 0.79609375 0.0265625 0.025
1 0.8296875 0.81484375 0.02890625 0.02734375
1 0.74765625 0.85 0.0328125 0.0234375
1 0.834375 0.878125 0.0421875 0.025
1 0.746875 0.90078125 0.034375 0.0265625
1 0.82578125 0.91640625 0.028125 0.021875
1 0.74296875 0.946875 0.028125 0.02265625
1 0.8234375 0.96640625 0.02890625 0.02421875
1 0.9046875 0.840625 0.02578125 0.01796875
1 0.92734375 0.928125 0.0265625 0.01875
1 0.1703125 0.30703125 0.0390625 0.03203125