1 0.03828125 0.21875 0.04765625 0.046875
1 0.08359375 0.221875 0.02734375 0.0328125
1 0.12734375 0.221875 0.04375 0.03515625
1 0.16328125 0.22734375 0.0171875 0.0328125
1 0.1828125 0.2265625 0.015625 0.03515625
1 0.27421875 0.21875 0.03984375 0.0359375
1 0.33359375 0.21875 0.0421875 0.040625
1 0.39765625 0.2140625 0.04375 0.03828125
1 0.4609375 0.21484375 0.0484375 0.040625
1 0.5421875 0.21484375 0.0375 0.0359375
1 0.59140625 0.215625 0.0390625 0.03125
1 0.65625 0.221875 0.02890625 0.0328125
1 0.7890625 0.20703125 0.05234375 0.040625
1 0.8578125 0.203125 0.04375 0.0375
1 0.7734375 0.353125 0.02734375 0.0234375
1 0.80859375 0.3484375 0.02265625 0.02109375
1 0.728125 0.35234375 0.02265625 0.025
1 0.7 0.353125 0.01953125 0.0203125
1 0.6453125 0.3546875 0.02265625 0.01953125
1 0.61171875 0.35546875 0.0265625 0.0203125
1 0.5765625 0.35625 0.02578125 0.0203125
1 0.54921875 0.3546875 0.02109375 0.0234375
1 0.5140625 0.35625 0.028125 0.02421875
1 0.47890625 0.35859375 0.028125 0.02421875
1 0.43203125 0.35703125 0.034375 0.0234375
1 0.39609375 0.35703125 0.02578125 0.0203125
1 0.35859375 0.3578125 0.034375 0.0203125
1 0.3203125 0.35859375 0.03046875 0.02265625
1 0.278125 0.35703125 0.0265625 0.021875
1 0.24453125 0.35859375 0.0296875 0.021875
1 0.20703125 0.35859375 0.0296875 0.021875
1 0.1703125 0.359375 0.0265625 0.01953125
1 0.1359375 0.359375 0.03046875 0.021875
1 0.11328125 0.35625 0.015625 0.01953125
1 0.84140625 0.3484375 0.02421875 0.01953125
1 0.6109375 0.4765625 0.01953125 0.015625
1 0.57734375 0.4765625 0.02421875 0.01640625
1 0.53984375 0.4796875 0.021875 0.01875
1 0.45078125 0.4578125 0.01484375 0.0109375
1 0.43515625 0.459375 0.01171875 0.0109375
1 0.39375 0.55859375 0.01875 0.01796875
1 0.465625 0.559375 0.02265625 0.0171875
1 0.3953125 0.603125 0.02421875 0.021875
1 0.465625 0.6046875 0.0265625 0.01484375
1 0.465625 0.65 0.01953125 0.01328125
1 0.40078125 0.65 0.028125 0.01796875
1 0.6046875 0.5640625 0.03203125 0.02109375
1 0.6046875 0.61171875 0.02890625 0.02421875
1 0.60390625 0.65625 0.028125 0.021875
1 0.68203125 0.5578125 0.028125 0.01875
1 0.75390625 0.55859375 0.02734375 0.01796875
1 0.83125 0.5578125 0.028125 0.02109375
1 0.678125 0.6046875 0.03359375 0.021875
1 0.7515625 0.60390625 0.02890625 0.0140625
1 0.82734375 0.60546875 0.0265625 0.02109375
1 0.81953125 0.6546875 0.0296875 0.0265625
1 0.74765625 0.65078125 0.0296875 0.021875
1 0.67578125 0.64921875 0.0328125 0.01953125
1 0.53359375 0.56640625 0.0390625 0.0234375
1 0.53671875 0.6125 0.02734375 0.0296875
1 0.53515625 0.65625 0.03671875 0.02421875
1 0.80078125 0.71015625 0.028125 0.015625
1 0.803125 0.7546875 0.0328125 0.02421875
1 0.79375 0.7953125 0.02890625 0.03046875
1 0.79453125 0.8390625 0.03125 0.02734375
1 0.73359375 0.70703125 0.025 0.02109375
1 0.734375 0.75390625 0.03359375 0.02421875
1 0.72890625 0.7953125 0.03046875 0.02578125
1 0.72578125 0.8375 0.0296875 0.0265625
1 0.66171875 0.71484375 0.03515625 0.021875
1 0.665625 0.759375 0.0390625 0.02578125
1 0.6625 0.8015625 0.0296875 0.02890625
1 0.65859375 0.84140625 0.03125 0.0234375
1 0.59375 0.72265625 0.0328125 0.01640625
1 0.59609375 0.7546875 0.028125 0.02421875
1 0.59375 0.79375 0.02578125 0.01484375
1 0.596875 0.8359375 0.03515625 0.0203125
1 0.53125 0.8015625 0.03828125 0.02890625
1 0.5265625 0.8421875 0.0328125 0.02265625
1 0.4578125 0.7578125 0.0296875 0.02421875
1 0.45859375 0.79765625 0.03359375 0.021875
1 0.4609375 0.840625 0.028125 0.02265625
1 0.38984375 0.79921875 0.034375 0.02734375
1 0.39375 0.83671875 0.03671875 0.025
1 0.32109375 0.75 0.02578125 0.0234375
1 0.32578125 0.78984375 0.0265625 0.021875
1 0.32734375 0.82890625 0.02421875 0.01953125
1 0.325 0.71953125 0.028125 0.0109375
1 0.25234375 0.7046875 0.025 0.01796875
1 0.25390625 0.74609375 0.03046875 0.01953125
1 0.2609375 0.78671875 0.0296875 0.0203125
1 0.265625 0.8265625 0.0265625 0.02109375
1 0.184375 0.70234375 0.02734375 0.021875
1 0.1859375 0.74453125 0.0296875 0.01796875
1 0.19453125 0.7859375 0.02578125 0.01640625
1 0.19921875 0.8265625 0.02421875 0.01796875