1 0.44765625 0.70859375 0.03125 0.025
1 0.51328125 0.7078125 0.03046875 0.0203125
1 0.446875 0.753125 0.03125 0.028125
1 0.50859375 0.75234375 0.028125 0.02734375
1 0.571875 0.7453125 0.0265625 0.01484375
1 0.63515625 0.74375 0.0265625 0.01875
1 0.69765625 0.74375 0.02421875 0.021875
1 0.7640625 0.74375 0.02421875 0.0171875
1 0.8265625 0.7453125 0.02734375 0.01640625
1 0.88984375 0.7453125 0.028125 0.01640625
1 0.95 0.74375 0.02578125 0.01875
1 0.959375 0.70625 0.0328125 0.02421875
1 0.89453125 0.7078125 0.03203125 0.02109375
1 0.82890625 0.70703125 0.034375 0.0234375
1 0.44765625 0.78984375 0.034375 0.015625
1 0.51015625 0.78984375 0.02890625 0.01640625
1 0.5734375 0.7890625 0.021875 0.01484375
1 0.63515625 0.78671875 0.02890625 0.015625
1 0.69921875 0.7875 0.034375 0.0171875
1 0.7640625 0.7875 0.0296875 0.0171875
1 0.82734375 0.78828125 0.021875 0.02109375
1 0.890625 0.78828125 0.02109375 0.02109375
1 0.9515625 0.78671875 0.0265625 0.0171875
1 0.9484375 0.83515625 0.0328125 0.021875
1 0.88671875 0.8296875 0.03046875 0.01640625
1 0.82421875 0.83125 0.0234375 0.01796875
1 0.76171875 0.8328125 0.02578125 0.01875
1 0.696875 0.83203125 0.028125 0.01875
1 0.63203125 0.83203125 0.03828125 0.01953125
1 0.56875 0.8328125 0.028125 0.0203125
1 0.50703125 0.83125 0.02421875 0.0171875
1 0.44453125 0.83203125 0.02734375 0.01875
1 0.5671875 0.721875 0.03125 0.01015625
1 0.63046875 0.7203125 0.0328125 0.0109375
1 0.69375 0.71875 0.0265625 0.00859375
1 0.75546875 0.7203125 0.03203125 0.00859375