1 0.70546875 0.54609375 0.03671875 0.021875
1 0.7859375 0.55390625 0.0390625 0.0265625
1 0.7921875 0.48984375 0.04375 0.02890625
1 0.8 0.4390625 0.04140625 0.03671875
1 0.871875 0.43359375 0.03828125 0.02265625
1 0.8703125 0.490625 0.02578125 0.03828125
1 0.94921875 0.43046875 0.040625 0.02578125
1 0.94296875 0.48984375 0.03984375 0.0328125
1 0.796875 0.3265625 0.0234375 0.03984375
1 0.8359375 0.32265625 0.03125 0.02734375
1 0.8828125 0.31171875 0.009375 0.01171875
1 0.7078125 0.1515625 0.04375 0.04296875
1 0.7640625 0.14921875 0.04140625 0.046875
1 0.11875 0.43828125 0.04453125 0.0265625
1 0.125 0.4890625 0.040625 0.02734375
1 0.63203125 0.58515625 0.03046875 0.01640625
1 0.70546875 0.59453125 0.03359375 0.01796875
1 0.7765625 0.5953125 0.03125 0.015625
1 0.85546875 0.59296875 0.02578125 0.0203125
1 0.92578125 0.59296875 0.02421875 0.0203125
1 0.92421875 0.65078125 0.034375 0.021875
1 0.84140625 0.63828125 0.02890625 0.01953125
1 0.77265625 0.63828125 0.03125 0.01953125
1 0.70546875 0.6421875 0.03046875 0.02421875
1 0.63359375 0.63828125 0.02421875 0.0203125
1 0.63125 0.68125 0.02890625 0.01875
1 0.70234375 0.68359375 0.02734375 0.01875
1 0.76875 0.68359375 0.02890625 0.01875
1 0.8390625 0.68359375 0.0359375 0.01875
1 0.909375 0.68359375 0.025 0.0171875
1 0.9015625 0.72734375 0.028125 0.0203125
1 0.83515625 0.72578125 0.02578125 0.01796875
1 0.765625 0.72578125 0.025 0.0171875
1 0.69765625 0.72734375 0.0265625 0.0203125
1 0.6265625 0.7265625 0.0234375 0.021875
1 0.625 0.76875 0.02421875 0.01953125
1 0.6953125 0.76796875 0.0234375 0.01796875
1 0.76171875 0.771875 0.0296875 0.02109375
1 0.82890625 0.7671875 0.03125 0.01953125
1 0.8984375 0.7703125 0.0328125 0.01640625
1 0.56796875 0.60234375 0.03984375 0.02265625
1 0.56328125 0.6375 0.02734375 0.02109375
1 0.56171875 0.68203125 0.025 0.01796875
1 0.5609375 0.725 0.02578125 0.01796875
1 0.559375 0.7671875 0.0265625 0.01796875