1 0.0703125 0.1265625 0.065625 0.05
1 0.14609375 0.12890625 0.06796875 0.05390625
1 0.22734375 0.12421875 0.05234375 0.040625
1 0.3078125 0.1234375 0.053125 0.04765625
1 0.3890625 0.12734375 0.0625 0.0375
1 0.475 0.12421875 0.05234375 0.034375
1 0.5546875 0.125 0.053125 0.04296875
1 0.63515625 0.1203125 0.0578125 0.046875
1 0.71171875 0.12265625 0.0578125 0.04609375
1 0.79609375 0.121875 0.05 0.04296875
1 0.03984375 0.29140625 0.02734375 0.03203125
1 0.08671875 0.290625 0.03125 0.03046875
1 0.128125 0.290625 0.03359375 0.02890625
1 0.1765625 0.2921875 0.03203125 0.028125
1 0.2140625 0.2890625 0.0296875 0.025
1 0.26171875 0.28515625 0.03671875 0.0296875
1 0.3015625 0.28828125 0.0375 0.0265625
1 0.34296875 0.28828125 0.03046875 0.02421875
1 0.38984375 0.290625 0.03359375 0.028125
1 0.4296875 0.2875 0.0328125 0.02421875
1 0.47890625 0.2875 0.03125 0.03046875
1 0.52109375 0.2875 0.03125 0.01875
1 0.56484375 0.28828125 0.03125 0.02734375
1 0.60703125 0.28984375 0.03125 0.0296875
1 0.64609375 0.2859375 0.0296875 0.0265625
1 0.69375 0.2890625 0.03125 0.03046875
1 0.7328125 0.2890625 0.0328125 0.03046875
1 0.77421875 0.2875 0.03515625 0.02890625
1 0.7734375 0.43828125 0.02890625 0.02578125
1 0.73671875 0.4375 0.03359375 0.0265625
1 0.69375 0.43984375 0.0296875 0.028125
1 0.65546875 0.44140625 0.03125 0.02734375
1 0.61328125 0.440625 0.0375 0.0296875
1 0.56953125 0.440625 0.03203125 0.02734375
1 0.52578125 0.43984375 0.03203125 0.025
1 0.4875 0.4421875 0.03046875 0.02734375
1 0.44609375 0.4421875 0.028125 0.0265625
1 0.403125 0.4421875 0.0296875 0.02890625
1 0.36484375 0.440625 0.0328125 0.02578125
1 0.3171875 0.4421875 0.0328125 0.0234375
1 0.27578125 0.44140625 0.028125 0.03046875
1 0.234375 0.4421875 0.0265625 0.02578125
1 0.184375 0.440625 0.0390625 0.0234375
1 0.14296875 0.4421875 0.02890625 0.01953125
1 0.10546875 0.44375 0.02421875 0.01796875
1 0.0625 0.44296875 0.0359375 0.02421875
1 0.0203125 0.44453125 0.040625 0.0328125
1 0.00859375 0.290625 0.01640625 0.03046875
1 0.77890625 0.55703125 0.05546875 0.03828125
1 0.9375 0.55234375 0.05546875 0.0359375
1 0.9328125 0.634375 0.04140625 0.040625
1 0.76484375 0.63203125 0.04453125 0.03671875
1 0.15625 0.58046875 0.0421875 0.025
1 0.10703125 0.5796875 0.04375 0.025
1 0.04609375 0.5640625 0.03359375 0.02421875
1 0.10546875 0.74921875 0.053125 0.03046875
1 0.18828125 0.7984375 0.0296875 0.02265625
1 0.109375 0.80625 0.04921875 0.03046875
1 0.1109375 0.86328125 0.046875 0.02890625
1 0.02578125 0.85625 0.034375 0.0234375
1 0.02890625 0.9125 0.04140625 0.025
1 0.11171875 0.91796875 0.0375 0.0265625
1 0.19453125 0.909375 0.0375 0.025
1 0.1953125 0.85390625 0.034375 0.025
1 0.28359375 0.80078125 0.02890625 0.01796875
1 0.28203125 0.85703125 0.034375 0.0203125
1 0.2859375 0.91328125 0.02734375 0.0203125
1 0.36015625 0.74921875 0.05078125 0.0328125
1 0.36328125 0.8046875 0.04453125 0.03046875
1 0.36171875 0.853125 0.03671875 0.02109375
1 0.3625 0.9171875 0.0359375 0.02890625
1 0.4453125 0.7484375 0.0421875 0.028125
1 0.44921875 0.79765625 0.03671875 0.028125
1 0.44921875 0.85390625 0.03515625 0.02578125
1 0.4484375 0.90859375 0.0328125 0.025
1 0.53046875 0.74921875 0.03984375 0.021875
1 0.534375 0.796875 0.034375 0.02734375
1 0.5328125 0.853125 0.03515625 0.02578125
1 0.53125 0.90703125 0.03125 0.02265625
1 0.62109375 0.8046875 0.03984375 0.0234375
1 0.621875 0.85234375 0.0375 0.0234375
1 0.621875 0.91171875 0.03828125 0.0265625
1 0.721875 0.74296875 0.03828125 0.02578125
1 0.70859375 0.79921875 0.0328125 0.02109375
1 0.70546875 0.85390625 0.0328125 0.02421875
1 0.7046875 0.90859375 0.034375 0.0296875
1 0.80234375 0.7453125 0.03984375 0.03515625
1 0.79140625 0.80625 0.04765625 0.0328125
1 0.78828125 0.85625 0.0375 0.02578125
1 0.7859375 0.915625 0.03828125 0.03125