1 0.2296875 0.3609375 0.00703125 0.01015625
1 0.21875 0.3609375 0.00546875 0.0078125
1 0.253125 0.32265625 0.01171875 0.01171875
1 0.24921875 0.34296875 0.0078125 0.0109375
1 0.4125 0.35625 0.00703125 0.00625
1 0.40390625 0.4421875 0.015625 0.028125
1 0.37890625 0.43828125 0.01640625 0.02578125
1 0.45078125 0.4421875 0.021875 0.0328125
1 0.478125 0.45234375 0.01875 0.0296875
1 0.51171875 0.4609375 0.025 0.03203125
1 0.5546875 0.4703125 0.02421875 0.03671875
1 0.60859375 0.47734375 0.02578125 0.034375
1 0.6796875 0.48046875 0.0359375 0.046875
1 0.725 0.4984375 0.03671875 0.0421875
1 0.80859375 0.5140625 0.0453125 0.0484375
1 0.90078125 0.52890625 0.0484375 0.04921875
1 0.8375 0.3921875 0.0296875 0.0375
1 0.73203125 0.384375 0.0265625 0.02890625
1 0.62265625 0.38125 0.0203125 0.02578125
1 0.51484375 0.37890625 0.01640625 0.02265625
1 0.5171875 0.315625 0.0140625 0.0234375
1 0.75 0.30625 0.025 0.03359375
1 0.94453125 0.12734375 0.046875 0.04453125
1 0.87734375 0.140625 0.0296875 0.0453125
1 0.8375 0.15 0.04375 0.04609375
1 0.76484375 0.1640625 0.021875 0.04609375
1 0.71875 0.16796875 0.02109375 0.0359375
1 0.678125 0.17890625 0.02265625 0.0421875
1 0.6390625 0.18125 0.0109375 0.03828125
1 0.565625 0.2015625 0.034375 0.0265625
1 0.5921875 0.20234375 0.01796875 0.03125
1 0.51640625 0.20859375 0.01953125 0.0328125
1 0.46328125 0.21953125 0.01640625 0.02578125
1 0.44140625 0.221875 0.028125 0.0265625
1 0.39609375 0.228125 0.01484375 0.0265625
1 0.2265625 0.3421875 0.00546875 0.01171875
1 0.22890625 0.32109375 0.0046875 0.009375
1 0.76171875 0.603125 0.02734375 0.0265625
1 0.7171875 0.58515625 0.01953125 0.01953125
1 0.66953125 0.57421875 0.01953125 0.02109375
1 0.6296875 0.5609375 0.01953125 0.0171875
1 0.590625 0.553125 0.0140625 0.01640625
1 0.56015625 0.5421875 0.015625 0.01640625
1 0.559375 0.58515625 0.01484375 0.01796875
1 0.52734375 0.57421875 0.0140625 0.015625
1 0.59296875 0.596875 0.0140625 0.021875
1 0.625 0.6078125 0.021875 0.01796875
1 0.66484375 0.62109375 0.0171875 0.01875
1 0.70703125 0.6359375 0.01953125 0.02109375
1 0.75625 0.65234375 0.021875 0.0203125
1 0.81640625 0.61875 0.02109375 0.0171875
1 0.8828125 0.634375 0.01796875 0.01796875
1 0.87421875 0.6921875 0.01875 0.01875
1 0.8109375 0.67265625 0.01796875 0.0171875
1 0.753125 0.79296875 0.0234375 0.0234375
1 0.75 0.8359375 0.01875 0.021875
1 0.7453125 0.884375 0.0203125 0.0234375
1 0.82578125 0.88984375 0.04140625 0.0390625
1 0.8328125 0.84140625 0.04453125 0.03828125
1 0.703125 0.77421875 0.0375 0.02734375
1 0.71171875 0.73359375 0.03828125 0.03359375
1 0.66484375 0.70703125 0.0328125 0.0140625
1 0.60859375 0.66796875 0.01796875 0.0203125
1 0.60390625 0.709375 0.01796875 0.01875
1 0.63984375 0.72734375 0.01640625 0.021875
1 0.63125 0.7671875 0.0140625 0.0203125
1 0.59375 0.7484375 0.01640625 0.0171875
1 0.5921875 0.790625 0.0140625 0.01875
1 0.628125 0.81171875 0.01640625 0.01953125
1 0.7 0.8640625 0.0234375 0.021875
1 0.7 0.8125 0.03828125 0.02421875
1 0.55078125 0.6515625 0.0109375 0.01640625
1 0.53046875 0.6390625 0.0125 0.015625
1 0.50546875 0.62734375 0.0125 0.01484375
1 0.50390625 0.66640625 0.01015625 0.01953125
1 0.528125 0.678125 0.0109375 0.01640625
1 0.55390625 0.6921875 0.01328125 0.01484375
1 0.5546875 0.73125 0.0125 0.01640625
1 0.528125 0.715625 0.0109375 0.01640625
1 0.50078125 0.7015625 0.01015625 0.015625
1 0.5 0.73828125 0.01171875 0.015625
1 0.525 0.753125 0.01015625 0.01796875
1 0.55625 0.78203125 0.01484375 0.01953125