1 0.14140625 0.4453125 0.0296875 0.02578125
1 0.18671875 0.4390625 0.0328125 0.0234375
1 0.24375 0.43515625 0.028125 0.02109375
1 0.29765625 0.42734375 0.01484375 0.01328125
1 0.3265625 0.42578125 0.01953125 0.01484375
1 0.34453125 0.42421875 0.015625 0.0171875
1 0.39296875 0.41796875 0.015625 0.0125
1 0.17421875 0.49375 0.01484375 0.025
1 0.74921875 0.4265625 0.01953125 0.01953125
1 0.97421875 0.5078125 0.01015625 0.01015625
1 0.9328125 0.51953125 0.009375 0.0109375
1 0.940625 0.59375 0.03046875 0.03359375
1 0.99453125 0.5828125 0.0109375 0.03203125
1 0.9921875 0.659375 0.015625 0.03828125
1 0.94609375 0.66953125 0.02265625 0.03125
1 0.9109375 0.6890625 0.02734375 0.034375
1 0.859375 0.70625 0.02734375 0.03359375
1 0.859375 0.628125 0.0296875 0.0359375