1 0.296875 0.04765625 0.046875 0.05078125
1 0.38359375 0.065625 0.04765625 0.065625
1 0.44765625 0.0671875 0.03125 0.04765625
1 0.56328125 0.09296875 0.02109375 0.05234375
1 0.60078125 0.1 0.03828125 0.053125
1 0.64921875 0.1078125 0.02734375 0.0390625
1 0.7015625 0.1125 0.02109375 0.04296875
1 0.7390625 0.11484375 0.03671875 0.040625
1 0.7734375 0.12578125 0.021875 0.03671875
1 0.8 0.134375 0.02890625 0.0359375
1 0.78515625 0.2765625 0.02578125 0.03828125
1 0.76015625 0.27734375 0.015625 0.03671875
1 0.72734375 0.2703125 0.034375 0.03828125
1 0.690625 0.27265625 0.0328125 0.03203125
1 0.63125 0.26875 0.040625 0.04140625
1 0.5796875 0.26953125 0.0484375 0.03828125
1 0.53125 0.26875 0.028125 0.040625
1 0.49296875 0.26640625 0.0296875 0.0453125
1 0.415625 0.2609375 0.046875 0.0453125
1 0.35703125 0.25703125 0.0421875 0.04453125
1 0.2859375 0.25234375 0.05234375 0.0484375
1 0.1609375 0.41640625 0.05234375 0.03984375
1 0.159375 0.51484375 0.0578125 0.03984375
1 0.328125 0.46484375 0.0421875 0.0390625
1 0.38359375 0.46171875 0.046875 0.03515625
1 0.428125 0.45703125 0.0421875 0.03671875
1 0.50546875 0.45078125 0.0234375 0.034375
1 0.53359375 0.44921875 0.0375 0.0390625
1 0.5859375 0.44296875 0.02890625 0.0328125
1 0.63515625 0.44140625 0.02734375 0.03203125
1 0.7453125 0.43359375 0.03203125 0.02890625
1 0.32578125 0.58984375 0.03515625 0.021875
1 0.4 0.578125 0.028125 0.021875
1 0.465625 0.5671875 0.02890625 0.01953125
1 0.53125 0.55859375 0.02265625 0.01640625
1 0.5875 0.55 0.0171875 0.01484375
1 0.64140625 0.54375 0.01953125 0.0171875
1 0.6890625 0.540625 0.02109375 0.0234375
1 0.73515625 0.53359375 0.01953125 0.02265625
1 0.6875 0.58515625 0.02578125 0.02265625
1 0.6390625 0.5890625 0.015625 0.015625
1 0.5828125 0.5984375 0.015625 0.0140625
1 0.52578125 0.60859375 0.01640625 0.01640625
1 0.4609375 0.62734375 0.03203125 0.02265625
1 0.3921875 0.640625 0.0328125 0.02421875
1 0.31640625 0.65625 0.0375 0.02265625
1 0.14375 0.7921875 0.05234375 0.028125
1 0.15234375 0.85078125 0.04609375 0.0265625
1 0.1546875 0.91015625 0.046875 0.0296875
1 0.15859375 0.9625 0.040625 0.028125
1 0.23203125 0.75703125 0.0390625 0.02265625
1 0.23984375 0.81796875 0.0296875 0.02421875
1 0.24375 0.87421875 0.02890625 0.01953125
1 0.24375 0.92734375 0.0296875 0.02421875
1 0.24453125 0.978125 0.03359375 0.02265625
1 0.32109375 0.74140625 0.03515625 0.0234375
1 0.32109375 0.8015625 0.0375 0.0265625
1 0.325 0.85859375 0.03828125 0.02578125
1 0.32265625 0.90859375 0.034375 0.028125
1 0.32421875 0.95859375 0.03515625 0.0296875
1 0.396875 0.72890625 0.034375 0.0296875
1 0.39765625 0.78125 0.0359375 0.0265625
1 0.3953125 0.8359375 0.03046875 0.0265625
1 0.3953125 0.88515625 0.040625 0.0234375
1 0.39453125 0.93515625 0.0328125 0.0265625
1 0.4625 0.70703125 0.02265625 0.02578125
1 0.52265625 0.690625 0.0265625 0.021875
1 0.57578125 0.68203125 0.0265625 0.02421875
1 0.62734375 0.6671875 0.028125 0.02421875
1 0.67421875 0.65703125 0.021875 0.0234375
1 0.7171875 0.6453125 0.01953125 0.028125
1 0.759375 0.63359375 0.01875 0.02578125
1 0.459375 0.7546875 0.02734375 0.01953125
1 0.52265625 0.740625 0.02734375 0.0203125
1 0.5765625 0.728125 0.03046875 0.0234375
1 0.625 0.71171875 0.01796875 0.02578125
1 0.67265625 0.7 0.02578125 0.021875
1 0.7171875 0.68828125 0.01953125 0.0234375
1 0.75703125 0.6765625 0.0203125 0.0234375
1 0.45703125 0.80625 0.02734375 0.01796875
1 0.51640625 0.79609375 0.03046875 0.02265625
1 0.57109375 0.77734375 0.02578125 0.0234375
1 0.61953125 0.75859375 0.02109375 0.02265625
1 0.671875 0.74609375 0.0265625 0.025
1 0.7109375 0.728125 0.02265625 0.02421875
1 0.75234375 0.7140625 0.02109375 0.02265625
1 0.56953125 0.81484375 0.02265625 0.02109375
1 0.51484375 0.840625 0.034375 0.0203125
1 0.46015625 0.85625 0.0203125 0.02265625
1 0.46015625 0.90625 0.02578125 0.0203125
1 0.515625 0.88671875 0.03046875 0.02578125
1 0.56796875 0.85703125 0.021875 0.02109375
1 0.6171875 0.80078125 0.0265625 0.0234375
1 0.66953125 0.7859375 0.0296875 0.02109375
1 0.7109375 0.76953125 0.02265625 0.01796875
1 0.7578125 0.75625 0.02109375 0.021875
1 0.753125 0.790625 0.0203125 0.01640625
1 0.70859375 0.8046875 0.02109375 0.01796875
1 0.66484375 0.81875 0.0203125 0.0171875
1 0.61796875 0.84609375 0.02734375 0.025