1 0.25703125 0.63515625 0.028125 0.0265625
1 0.3171875 0.63359375 0.03125 0.02421875
1 0.38125 0.63671875 0.0328125 0.02890625
1 0.4421875 0.63359375 0.0234375 0.01953125
1 0.50625 0.6375 0.0265625 0.01875
1 0.56796875 0.6375 0.0265625 0.01875
1 0.63203125 0.64921875 0.03203125 0.02578125
1 0.69765625 0.65078125 0.0328125 0.02734375
1 0.6984375 0.6984375 0.03671875 0.021875
1 0.26171875 0.6765625 0.028125 0.01875
1 0.3203125 0.671875 0.0265625 0.01796875
1 0.37734375 0.68125 0.0265625 0.025
1 0.44140625 0.67734375 0.02109375 0.01953125
1 0.50078125 0.68515625 0.03125 0.0234375
1 0.56875 0.6828125 0.02578125 0.01796875
1 0.62890625 0.69375 0.034375 0.02421875
1 0.25859375 0.71796875 0.03515625 0.01875
1 0.31796875 0.721875 0.028125 0.025
1 0.378125 0.72265625 0.0265625 0.025
1 0.44140625 0.7234375 0.034375 0.0265625
1 0.50078125 0.7296875 0.03359375 0.0265625
1 0.565625 0.73203125 0.0296875 0.02734375
1 0.6296875 0.7375 0.03515625 0.0234375
1 0.696875 0.73515625 0.0265625 0.01953125
1 0.6953125 0.784375 0.03046875 0.02265625
1 0.6921875 0.8265625 0.0328125 0.0234375
1 0.62890625 0.78125 0.03046875 0.02109375
1 0.63046875 0.81640625 0.0265625 0.0171875
1 0.56640625 0.76953125 0.03203125 0.0171875
1 0.56640625 0.81875 0.028125 0.021875
1 0.50390625 0.76796875 0.02734375 0.01875
1 0.50234375 0.81484375 0.02890625 0.02265625
1 0.44453125 0.771875 0.03046875 0.02109375
1 0.44140625 0.81171875 0.028125 0.02265625
1 0.3796875 0.76640625 0.0296875 0.0203125
1 0.378125 0.80546875 0.03359375 0.02578125
1 0.325 0.76484375 0.028125 0.0203125
1 0.321875 0.8078125 0.02890625 0.0234375
1 0.26015625 0.759375 0.02890625 0.01953125
1 0.26171875 0.80078125 0.03125 0.021875
1 0.846875 0.65703125 0.03125 0.0265625
1 0.84765625 0.70078125 0.0328125 0.02421875
1 0.84609375 0.74765625 0.02734375 0.02734375
1 0.84609375 0.7859375 0.02734375 0.021875
1 0.846875 0.83125 0.02265625 0.01875
1 0.9171875 0.65546875 0.0421875 0.0234375
1 0.9171875 0.70546875 0.0328125 0.02578125
1 0.91640625 0.7515625 0.03359375 0.02578125
1 0.91796875 0.78984375 0.028125 0.01953125
1 0.91640625 0.83515625 0.03046875 0.01875
1 0.98515625 0.66171875 0.0296875 0.02578125
1 0.98671875 0.70859375 0.0265625 0.025
1 0.984375 0.75625 0.03125 0.02890625
1 0.9859375 0.7921875 0.0265625 0.02109375
1 0.9828125 0.83828125 0.02734375 0.021875
1 0.87109375 0.58046875 0.0328125 0.02578125
1 0.9390625 0.57265625 0.028125 0.02109375
1 0.9421875 0.528125 0.03125 0.021875
1 0.86875 0.525 0.0265625 0.01953125
1 0.86953125 0.478125 0.0296875 0.01953125
1 0.721875 0.478125 0.03125 0.021875
1 0.72421875 0.52109375 0.02890625 0.021875
1 0.72109375 0.5671875 0.025 0.0203125
1 0.65 0.57109375 0.03125 0.02265625
1 0.584375 0.57109375 0.0359375 0.02578125
1 0.521875 0.56875 0.03203125 0.02265625
1 0.58515625 0.5265625 0.03671875 0.02265625
1 0.5859375 0.48203125 0.03671875 0.02578125
1 0.52265625 0.475 0.028125 0.0171875
1 0.51875 0.521875 0.0328125 0.02421875
1 0.45546875 0.4796875 0.0328125 0.025
1 0.45546875 0.52109375 0.0359375 0.0234375
1 0.45703125 0.56171875 0.025 0.01796875
1 0.39375 0.47265625 0.0234375 0.01796875
1 0.39375 0.515625 0.0234375 0.0234375
1 0.39609375 0.565625 0.03359375 0.021875
1 0.453125 0.38671875 0.01875 0.01796875
1 0.60234375 0.3875 0.02421875 0.0171875
1 0.6328125 0.38671875 0.025 0.0171875
1 0.6671875 0.3859375 0.025 0.01796875
1 0.68828125 0.38515625 0.01484375 0.021875
1 0.72578125 0.3859375 0.0203125 0.0234375
1 0.82421875 0.384375 0.02109375 0.0234375
1 0.8625 0.3828125 0.03046875 0.0203125
1 0.953125 0.22421875 0.0328125 0.0375
1 0.8453125 0.225 0.03984375 0.03515625
1 0.75234375 0.22890625 0.03828125 0.03125
1 0.69375 0.22890625 0.0390625 0.0328125
1 0.64296875 0.2296875 0.03671875 0.03125
1 0.575 0.23203125 0.04140625 0.0328125
1 0.5140625 0.2359375 0.034375 0.03359375
1 0.4515625 0.2359375 0.03125 0.03203125
1 0.4109375 0.2375 0.03984375 0.03125
1 0.34921875 0.2375 0.03984375 0.03359375
1 0.38671875 0.3828125 0.0125 0.00859375
1 0.40625 0.3828125 0.0109375 0.00859375
1 0.5421875 0.38203125 0.0109375 0.009375
1 0.56015625 0.38359375 0.0125 0.0109375
1 0.33671875 0.3828125 0.0140625 0.0078125
1 0.30703125 0.38203125 0.01328125 0.01015625
1 0.3671875 0.38203125 0.01015625 0.00859375