1 0.37578125 0.14765625 0.053125 0.05859375
1 0.44765625 0.1421875 0.0546875 0.04921875
1 0.52109375 0.1421875 0.04921875 0.0515625
1 0.621875 0.13828125 0.05546875 0.05078125
1 0.7296875 0.13515625 0.04921875 0.053125
1 0.8265625 0.12890625 0.0390625 0.04921875
1 0.978125 0.12421875 0.04375 0.04609375
1 0.978125 0.3484375 0.04375 0.040625
1 0.90234375 0.35078125 0.0515625 0.040625
1 0.815625 0.35078125 0.05625 0.03671875
1 0.7484375 0.3515625 0.05390625 0.0421875
1 0.66640625 0.353125 0.04921875 0.04609375
1 0.6109375 0.353125 0.053125 0.03984375
1 0.546875 0.353125 0.046875 0.03828125
1 0.4515625 0.35703125 0.02890625 0.03984375
1 0.396875 0.35703125 0.04609375 0.04140625
1 0.34296875 0.35859375 0.0484375 0.03828125
1 0.32421875 0.5109375 0.03359375 0.0328125
1 0.3625 0.5109375 0.028125 0.02421875
1 0.4375 0.5109375 0.0265625 0.02421875
1 0.43671875 0.6984375 0.02265625 0.01953125
1 0.33203125 0.65546875 0.0109375 0.00546875
1 0.5984375 0.65234375 0.015625 0.01015625
1 0.60390625 0.70078125 0.01953125 0.01015625
1 0.64765625 0.70078125 0.02265625 0.0125
1 0.715625 0.696875 0.0171875 0.01171875
1 0.7484375 0.6609375 0.0234375 0.0125
1 0.66484375 0.6515625 0.0140625 0.0125
1 0.41875 0.65703125 0.0171875 0.025
1 0.85703125 0.80703125 0.0328125 0.02578125
1 0.84375 0.859375 0.0328125 0.02734375
1 0.83046875 0.9 0.03125 0.0234375
1 0.7671875 0.79453125 0.03984375 0.02578125
1 0.75625 0.846875 0.03125 0.0203125
1 0.75078125 0.89296875 0.0328125 0.01953125
1 0.66953125 0.88828125 0.03671875 0.0203125
1 0.675 0.84140625 0.03125 0.02421875
1 0.6828125 0.790625 0.03515625 0.02265625
1 0.6015625 0.790625 0.03203125 0.025
1 0.59453125 0.83828125 0.03046875 0.0203125
1 0.58984375 0.8875 0.03046875 0.021875
1 0.52265625 0.7984375 0.040625 0.02578125
1 0.51640625 0.8359375 0.0296875 0.0234375
1 0.5125 0.88515625 0.0359375 0.02265625
1 0.43515625 0.8796875 0.03046875 0.021875
1 0.44140625 0.82890625 0.03046875 0.02109375
1 0.4375 0.78515625 0.0328125 0.0234375
1 0.34921875 0.7828125 0.0296875 0.02265625
1 0.3578125 0.83046875 0.03046875 0.0203125
1 0.3546875 0.8796875 0.028125 0.025
1 0.28046875 0.14375 0.028125 0.046875