1 0.52578125 0.3703125 0.01875 0.0296875
1 0.53984375 0.28984375 0.0203125 0.03671875
1 0.58671875 0.284375 0.02578125 0.03203125
1 0.58046875 0.35078125 0.0234375 0.02890625
1 0.6421875 0.28125 0.02578125 0.03515625
1 0.6359375 0.353125 0.021875 0.02890625
1 0.703125 0.28828125 0.02734375 0.0375
1 0.69453125 0.3546875 0.025 0.03359375
1 0.76484375 0.284375 0.02421875 0.03828125
1 0.7625 0.3578125 0.02421875 0.03125
1 0.828125 0.2875 0.0265625 0.03671875
1 0.8234375 0.3625 0.02890625 0.0296875
1 0.88984375 0.3640625 0.0265625 0.03046875