1 0.753125 0.25 0.03125 0.028125
1 0.7953125 0.2515625 0.0328125 0.02109375
1 0.84375 0.24921875 0.0359375 0.021875
1 0.890625 0.246875 0.025 0.02421875
1 0.9421875 0.24765625 0.025 0.028125
1 0.9796875 0.246875 0.028125 0.02890625
1 0.7640625 0.36171875 0.03046875 0.02578125
1 0.81015625 0.3625 0.03046875 0.0265625
1 0.85390625 0.36171875 0.03515625 0.0265625
1 0.89921875 0.3625 0.02890625 0.03515625
1 0.93984375 0.36015625 0.034375 0.0328125
1 0.9921875 0.365625 0.015625 0.04375
1 0.784375 0.46796875 0.03203125 0.0234375
1 0.834375 0.46953125 0.03046875 0.025
1 0.8734375 0.46953125 0.03125 0.025
1 0.91484375 0.46953125 0.0265625 0.02421875
1 0.9625 0.46875 0.0296875 0.0234375
1 0.7515625 0.56015625 0.0265625 0.0171875
1 0.80234375 0.559375 0.0296875 0.0171875
1 0.8546875 0.5625 0.02421875 0.01875
1 0.9046875 0.56328125 0.0296875 0.015625
1 0.96328125 0.56484375 0.02421875 0.0171875
1 0.9609375 0.5953125 0.03046875 0.02109375
1 0.9078125 0.5953125 0.03203125 0.01875
1 0.853125 0.59296875 0.028125 0.01875
1 0.796875 0.59296875 0.02578125 0.01953125
1 0.74921875 0.59140625 0.0359375 0.02109375
1 0.73828125 0.62265625 0.0328125 0.02109375
1 0.79609375 0.62421875 0.0296875 0.0171875
1 0.8484375 0.62578125 0.0234375 0.01953125
1 0.90234375 0.62734375 0.028125 0.02109375
1 0.953125 0.63046875 0.02421875 0.02109375
1 0.95234375 0.66171875 0.03984375 0.0265625
1 0.89375 0.66015625 0.021875 0.01953125
1 0.84140625 0.65859375 0.0265625 0.02109375
1 0.790625 0.65546875 0.0234375 0.01796875
1 0.7421875 0.6609375 0.03046875 0.03046875