1 0.01328125 0.69609375 0.0265625 0.0296875
1 0.071875 0.69609375 0.0375 0.028125
1 0.14296875 0.6953125 0.0390625 0.02890625
1 0.20859375 0.69609375 0.0359375 0.028125
1 0.27265625 0.69765625 0.03671875 0.025
1 0.3390625 0.69375 0.034375 0.0234375
1 0.409375 0.69453125 0.03359375 0.0296875
1 0.475 0.69296875 0.0328125 0.03203125
1 0.5375 0.6921875 0.034375 0.03203125
1 0.60546875 0.69375 0.0375 0.02734375
1 0.603125 0.73359375 0.03046875 0.0265625
1 0.60390625 0.77890625 0.0234375 0.0203125
1 0.603125 0.82265625 0.0296875 0.0234375
1 0.53515625 0.7328125 0.02734375 0.02578125
1 0.53984375 0.77578125 0.03203125 0.02734375
1 0.53515625 0.82265625 0.0265625 0.02265625
1 0.471875 0.73046875 0.03203125 0.02734375
1 0.47421875 0.778125 0.03359375 0.02109375
1 0.46640625 0.82578125 0.040625 0.02890625
1 0.4046875 0.8296875 0.04140625 0.0296875
1 0.40546875 0.77890625 0.03203125 0.02109375
1 0.4046875 0.73203125 0.02734375 0.021875
1 0.33984375 0.734375 0.034375 0.021875
1 0.33984375 0.7796875 0.0328125 0.0203125
1 0.33828125 0.83046875 0.03359375 0.0265625
1 0.2703125 0.7328125 0.0328125 0.02265625
1 0.27265625 0.7796875 0.03046875 0.01953125
1 0.27265625 0.8296875 0.0328125 0.0265625
1 0.20625 0.73515625 0.02734375 0.01796875
1 0.2078125 0.7796875 0.03203125 0.02265625
1 0.20546875 0.83046875 0.0359375 0.021875
1 0.140625 0.7359375 0.03046875 0.02109375
1 0.14140625 0.7796875 0.02734375 0.0234375
1 0.14453125 0.82890625 0.034375 0.0265625
1 0.0703125 0.73671875 0.03671875 0.01875
1 0.071875 0.778125 0.03359375 0.02265625
1 0.07578125 0.82421875 0.034375 0.02109375
1 0.009375 0.73515625 0.01875 0.0234375
1 0.009375 0.7796875 0.01875 0.025
1 0.01171875 0.82265625 0.02265625 0.02578125
1 0.8015625 0.73203125 0.03046875 0.0171875
1 0.86796875 0.73359375 0.03359375 0.021875
1 0.865625 0.77890625 0.02734375 0.0234375
1 0.8640625 0.82109375 0.02734375 0.02734375
1 0.80078125 0.77734375 0.028125 0.02109375
1 0.7984375 0.82109375 0.0265625 0.02578125
1 0.73359375 0.77421875 0.03125 0.021875
1 0.7359375 0.82109375 0.02734375 0.02265625
1 0.671875 0.77734375 0.03046875 0.01875
1 0.66875 0.73203125 0.028125 0.01953125
1 0.66796875 0.821875 0.02890625 0.01796875
1 0.73828125 0.7421875 0.0421875 0.02265625
1 0.9859375 0.73046875 0.028125 0.0203125
1 0.98984375 0.77265625 0.0203125 0.0265625
1 0.98828125 0.81640625 0.02265625 0.0203125
1 0.58828125 0.6015625 0.03359375 0.02734375
1 0.46953125 0.5984375 0.03671875 0.02890625
1 0.39765625 0.47265625 0.02265625 0.0171875
1 0.4265625 0.471875 0.0203125 0.01640625
1 0.4578125 0.47265625 0.02265625 0.01640625
1 0.4890625 0.47265625 0.01953125 0.01640625
1 0.51875 0.471875 0.01796875 0.02109375
1 0.59609375 0.46875 0.01328125 0.00703125
1 0.6359375 0.47265625 0.01875 0.0171875
1 0.659375 0.47265625 0.02109375 0.015625
1 0.690625 0.47265625 0.01875 0.01484375
1 0.7140625 0.471875 0.01953125 0.015625
1 0.73828125 0.4703125 0.015625 0.01484375
1 0.37265625 0.47265625 0.01484375 0.01640625
1 0.91875 0.47421875 0.0203125 0.01640625
1 0.8875 0.46796875 0.01015625 0.00703125
1 0.98515625 0.47265625 0.0140625 0.01640625