1 0.371875 0.2203125 0.040625 0.0453125
1 0.43046875 0.21484375 0.04453125 0.04453125
1 0.48203125 0.20859375 0.04609375 0.0484375
1 0.6171875 0.19609375 0.065625 0.05546875
1 0.78359375 0.20078125 0.03671875 0.05078125
1 0.59609375 0.75234375 0.0390625 0.03828125
1 0.690625 0.77265625 0.04375 0.0375
1 0.78125 0.80234375 0.04453125 0.0390625
1 0.8828125 0.83984375 0.05625 0.046875
1 0.88203125 0.9109375 0.0578125 0.0515625
1 0.88359375 0.978125 0.053125 0.04375
1 0.78046875 0.93125 0.034375 0.03515625
1 0.77890625 0.85859375 0.0390625 0.03515625
1 0.6859375 0.83984375 0.040625 0.03828125
1 0.6859375 0.896875 0.028125 0.03671875
1 0.6875 0.97890625 0.04375 0.03984375
1 0.6 0.928125 0.03515625 0.03203125
1 0.60078125 0.8671875 0.03203125 0.03125
1 0.59375 0.81484375 0.04296875 0.0390625