1 0.65625 0.15625 0.02265625 0.04453125
1 0.61640625 0.15390625 0.01640625 0.04375
1 0.6046875 0.34765625 0.021875 0.0390625
1 0.6421875 0.34609375 0.02421875 0.05
1 0.68203125 0.34609375 0.0265625 0.04609375
1 0.72109375 0.34296875 0.02890625 0.03984375
1 0.9375 0.53515625 0.01953125 0.02109375
1 0.95859375 0.5375 0.0171875 0.021875
1 0.77578125 0.61953125 0.0203125 0.028125
1 0.76875 0.66640625 0.02578125 0.03125
1 0.7265625 0.61796875 0.02421875 0.03359375
1 0.7203125 0.6609375 0.02265625 0.03125
1 0.98359375 0.746875 0.0265625 0.0265625
1 0.97421875 0.7859375 0.01640625 0.03046875
1 0.97421875 0.83828125 0.021875 0.02578125
1 0.96796875 0.88203125 0.01484375 0.03203125
1 0.925 0.89296875 0.0203125 0.028125
1 0.925 0.8328125 0.0171875 0.02421875
1 0.87734375 0.83671875 0.0203125 0.02734375
1 0.88125 0.88671875 0.01953125 0.02734375
1 0.8359375 0.8328125 0.01640625 0.02265625
1 0.83359375 0.8859375 0.0203125 0.01875
1 0.884375 0.7828125 0.01640625 0.02265625
1 0.63515625 0.24921875 0.0125 0.0140625
1 0.6625 0.24921875 0.01640625 0.01484375
1 0.778125 0.24921875 0.0125 0.015625
1 0.8390625 0.2515625 0.0140625 0.0125
1 0.9265625 0.25390625 0.009375 0.01484375
1 0.77578125 0.4359375 0.01171875 0.0109375
1 0.74765625 0.4375 0.0109375 0.0125
1 0.72109375 0.4359375 0.01171875 0.01484375
1 0.69296875 0.43515625 0.01171875 0.0125
1 0.66484375 0.43515625 0.01015625 0.01328125
1 0.63828125 0.434375 0.01328125 0.01796875
1 0.6484375 0.56953125 0.0109375 0.01328125
1 0.7015625 0.57109375 0.01171875 0.0140625
1 0.72890625 0.5734375 0.01171875 0.01484375
1 0.7828125 0.57265625 0.01328125 0.01484375
1 0.81015625 0.575 0.01171875 0.01171875
1 0.9 0.57734375 0.0109375 0.0125
1 0.92421875 0.578125 0.01171875 0.015625
1 0.9796875 0.58125 0.0125 0.0125
1 0.60703125 0.69765625 0.0125 0.01328125
1 0.74375 0.70234375 0.009375 0.01328125
1 0.90703125 0.70703125 0.01015625 0.0140625
1 0.99609375 0.71328125 0.00703125 0.01328125
1 0.65625 0.91328125 0.00859375 0.01328125
1 0.68125 0.9140625 0.01015625 0.0125
1 0.7046875 0.91484375 0.0125 0.01171875
1 0.75390625 0.915625 0.009375 0.0109375
1 0.8390625 0.91875 0.0109375 0.0125
1 0.80390625 0.915625 0.01015625 0.01484375