1 0.4390625 0.48125 0.025 0.02421875
1 0.4078125 0.48125 0.02578125 0.01875
1 0.37734375 0.48359375 0.02109375 0.02265625
1 0.346875 0.48125 0.0234375 0.01875
1 0.31484375 0.48203125 0.0203125 0.01953125
1 0.2828125 0.4828125 0.02265625 0.01953125
1 0.253125 0.4828125 0.02265625 0.0171875
1 0.22109375 0.4828125 0.021875 0.0203125
1 0.19140625 0.4828125 0.021875 0.01875
1 0.15859375 0.4828125 0.0234375 0.01875
1 0.1328125 0.484375 0.0234375 0.01796875
1 0.09921875 0.48515625 0.0203125 0.01796875
1 0.06953125 0.48515625 0.02265625 0.01953125
1 0.03515625 0.48515625 0.01953125 0.01953125
1 0.01171875 0.48515625 0.021875 0.0171875
1 0.39921875 0.36015625 0.0328125 0.0296875
1 0.4421875 0.35859375 0.0359375 0.02734375
1 0.49375 0.3578125 0.03671875 0.02890625
1 0.53828125 0.3578125 0.034375 0.02734375
1 0.5859375 0.35625 0.03515625 0.0296875
1 0.64453125 0.35546875 0.0359375 0.0296875
1 0.70234375 0.3546875 0.034375 0.03203125
1 0.759375 0.353125 0.03515625 0.02578125
1 0.81875 0.35234375 0.02890625 0.0296875
1 0.871875 0.35078125 0.0265625 0.03203125
1 0.92265625 0.3484375 0.03203125 0.028125
1 0.97265625 0.21328125 0.0328125 0.0296875
1 0.8515625 0.22109375 0.0359375 0.03203125
1 0.8109375 0.221875 0.03515625 0.0328125
1 0.75390625 0.22265625 0.0390625 0.02890625
1 0.703125 0.22265625 0.0359375 0.0328125
1 0.65234375 0.22109375 0.03828125 0.03046875
1 0.59609375 0.2234375 0.03828125 0.0296875
1 0.54140625 0.22421875 0.0390625 0.0296875
1 0.484375 0.22578125 0.0375 0.0328125
1 0.44140625 0.22734375 0.0359375 0.03046875
1 0.39609375 0.228125 0.034375 0.03125