0 0.50390625 0.275 0.0875 0.03515625
0 0.30390625 0.30390625 0.22734375 0.07265625
0 0.28515625 0.4484375 0.2203125 0.0828125
0 0.50625 0.45859375 0.0921875 0.0375
0 0.5078125 0.46015625 0.0953125 0.03515625
0 0.07734375 0.46015625 0.0953125 0.03984375
0 0.80625 0.6234375 0.0578125 0.02265625
0 0.3390625 0.8625 0.09765625 0.0453125
0 0.1890625 0.89140625 0.0671875 0.0421875
0 0.31484375 0.09609375 0.0703125 0.0328125
0 0.17734375 0.1734375 0.08515625 0.0421875
0 0.66640625 0.19140625 0.12265625 0.1921875