1 0.73125 0.1078125 0.26875 0.21015625
1 0.5265625 0.31171875 0.0453125 0.03203125
1 0.496875 0.4796875 0.0578125 0.04453125
1 0.3359375 0.4734375 0.05078125 0.04765625
1 0.33515625 0.6046875 0.05546875 0.040625
1 0.50625 0.6140625 0.0609375 0.040625
1 0.41875 0.7421875 0.05078125 0.040625
1 0.5 0.8828125 0.0484375 0.04765625
1 0.340625 0.8640625 0.0484375 0.0421875
1 0.50390625 0.75078125 0.05078125 0.040625
1 0.3375 0.7359375 0.0484375 0.040625
1 0.41640625 0.609375 0.05078125 0.0359375
1 0.4203125 0.4734375 0.05078125 0.04453125
1 0.39375 0.3109375 0.0359375 0.0296875
1 0.5921875 0.31328125 0.040625 0.040625
1 0.26875 0.3140625 0.046875 0.040625