1 0.734375 0.32109375 0.08984375 0.1140625
1 0.728125 0.08125 0.08515625 0.09375
1 0.528125 0.0734375 0.08203125 0.0921875
1 0.31875 0.06875 0.0671875 0.09140625
1 0.278125 0.2984375 0.0859375 0.10078125
1 0.503125 0.3078125 0.07890625 0.1078125
1 0.4015625 0.5984375 0.15859375 0.1859375
1 0.3734375 0.8375 0.1640625 0.171875
1 0.5578125 0.853125 0.19609375 0.08828125
1 0.59375 0.60859375 0.2046875 0.10078125
1 0.72578125 0.43828125 0.1421875 0.0671875
1 0.50390625 0.42890625 0.14375 0.0625
1 0.275 0.4140625 0.12890625 0.05859375
1 0.31875 0.1671875 0.1140625 0.05390625
1 0.5203125 0.1765625 0.12578125 0.05859375
1 0.7203125 0.18125 0.1265625 0.05546875
1 0.9578125 0.3953125 0.08359375 0.15625
1 0.95 0.6453125 0.1 0.1546875